Iter: 5069 - IterMax: 100000
O tempo de execucao gasto foi 2.38773 segundos
46208.5
46204.3
46201.4
46203.2
46203.9
46197.1
46195.5
46196.1
46202.2
46207.1
46212.5
46212.6
46220.7
46222.7
46232.6
46231.3
46233.6
46237.1
46240.1
46240.8
46243.6
46247.6
46253.8
46260.7
46270.2
46269.6
46272.8
46275.1
46270.6
46268.9
46266
46259.9
46258.1
46246.4
46231.1
46214
46205.6
46182.5
46177.7
46177.8
46189.8
46204.7
46199
46195.2
46192.4
46196.4
46204.4
46214.3
46222.9
46229.7
46234.2
46240.3
46249.6
46262.1
46267.3
46261.8
46255.2
46246.6
46220.2
46188.3
46168.9
46169.3
46202
46196.2
46193.1
46188.4
46186.9
46185.9
46185.3
46183.9
46185.3
46188.4
46192.9
46196.8
46202
46207.5
46212.7
46214.9
46220.7
46222.5
46227.3
46228.6
46233.2
46236.5
46241.1
46247.6
46254.7
46256
46257.7
46254.3
46253.9
46247.4
46244.1
46240.5
46234.1
46217.3
46206.6
46187.9
46168.6
46153.2
46154.6
46148
46150.1
46186.8
46177.5
46173.9
46171
46171.2
46176.3
46183.9
46195.7
46203.4
46210.1
46217
46224
46232.4
46232.4
46231.1
46225.1
46211.3
46181.9
46145.2
46130.8
46111.2
46169.5
46163.3
46161
46156.4
46156.5
46153.9
46152.8
46151.3
46153.7
46154.2
46158.3
46161
46163.9
46168.6
46175.5
46176.2
46182.3
46185.3
46189.3
46191.5
46197.7
46199.5
46202
46204.7
46207
46205.8
46205.9
46205.8
46206.2
46202.7
46203.3
46193.9
46186
46166.6
46150.6
46129.6
46119.3
46101.1
46097.5
46087.2
46081.6
46146.3
46136.8
46130.9
46127.3
46128.3
46131.5
46134.9
46144.3
46152.7
46159.4
46165.5
46169.7
46172.3
46174
46171.2
46166.7
46150.7
46113.7
46079
46063.7
46028.4
46119.2
46111.8
46108
46103.6
46103
46100.9
46100.1
46098.7
46097.6
46098.7
46100.1
46100.8
46105
46107.1
46109.8
46115.4
46120.2
46121.3
46124.5
46128.4
46131.4
46131.5
46135.7
46136.4
46138.4
46137.6
46136.9
46132.2
46129.5
46126.9
46127.1
46119.3
46111.6
46087.8
46073.2
46053.8
46038
46025.5
46021.9
46000
45983
46082.7
46073.6
46066.4
46065.8
46061.7
46064.1
46066.5
46068.7
46075.4
46081.4
46087.3
46089
46092.7
46086.8
46082.4
46078.8
46059.9
46028.1
45994.3
45971.1
45916.4
46047.2
46041.6
46037.6
46031.6
46028.9
46026.8
46027.1
46023.2
46024.7
46022
46024.2
46022.6
46022.5
46021.5
46025
46025.9
46030.9
46034
46037
46039.7
46044.3
46041.9
46040.6
46040.6
46041.6
46037.5
46036.7
46034.9
46034.6
46031.5
46030.2
46021.3
46011.1
45994
45978.1
45958.9
45948.6
45933.3
45920.4
45891.5
45848.7
46007.3
45994.7
45984.9
45981
45976.7
45974.8
45974
45973.5
45977.8
45985.9
45990.9
45986.8
45982.2
45980.5
45977.1
45970.7
45952.7
45924.1
45896.3
45860.7
45781.7
45963.1
45955.1
45947.6
45940.5
45935.8
45931.8
45931.3
45929.1
45926.7
45925
45923.3
45920.6
45921.1
45919.9
45919.6
45922.4
45923.7
45926.3
45933
45934
45934.6
45929.1
45926.5
45923.6
45922.2
45921.3
45922.3
45920.8
45918
45915.8
45912
45903.5
45893.9
45878.9
45864.5
45849.6
45841.3
45817.4
45799.3
45753.3
45709.4
45914.7
45896.2
45884.3
45875.8
45869.6
45864.7
45860.8
45859.7
45864.2
45869.4
45868.6
45862.8
45860.1
45858
45851.4
45844.3
45827.6
45798.6
45772.6
45720.6
45635.2
45864.4
45851.9
45843.5
45834.3
45829.3
45822.7
45819
45810.4
45807.7
45804.1
45804.1
45800.1
45798.1
45796.4
45797.7
45796.3
45800.6
45801.7
45803.3
45799.1
45799.5
45797
45796.1
45795.5
45797.8
45794.1
45790.3
45786.7
45785.7
45780.7
45773.7
45764
45755.7
45737.1
45731.9
45714.2
45699.4
45673.6
45643.4
45609.4
45561.8
45804.8
45785.1
45767.8
45752
45741.8
45730.7
45725.2
45725.3
45726.4
45725.9
45725.3
45722
45723.1
45715.1
45706
45697.1
45675.9
45652.5
45619.7
45567.8
45484.5
45745.4
45733.8
45724.9
45712.1
45701.8
45689.9
45682.9
45675.5
45670
45661.2
45656.5
45651.3
45648.9
45647
45648.3
45646.9
45648.7
45646.8
45648
45644.7
45647.3
45644.9
45644
45644.6
45646.1
45639.8
45638.2
45632.7
45626.4
45619.2
45616.7
45605
45594.8
45578.5
45568.1
45552.5
45541.3
45507.2
45490.5
45447.8
45412.2
45683.2
45655
45628.4
45607.5
45587.5
45574.2
45565.1
45561.2
45559.5
45557.9
45556.2
45558.2
45556.7
45551.5
45538.5
45528.5
45509.1
45476
45450.7
45404.9
45324.5
45615.3
45596.3
45581.3
45566
45552.3
45538.1
45526.5
45514.3
45504.9
45496.5
45488.4
45481.1
45478.4
45472.2
45471.3
45467.3
45465.4
45463
45464.9
45465.2
45466.5
45463.6
45467
45465.9
45466.9
45463.6
45460.6
45453.9
45449.7
45445.5
45437.8
45426.3
45417.2
45395.1
45382.2
45368.1
45357.7
45332.1
45320.5
45278.6
45240.4
45538.9
45501.9
45471.1
45440.2
45417.3
45395.3
45383.5
45372.6
45367.8
45364.7
45364.8
45366.9
45364.3
45361.1
45353.2
45340.6
45317.8
45284.8
45257.8
45225.9
45160.1
45460.6
45439
45420.6
45402.5
45386.7
45365.6
45350.7
45335.8
45324.7
45310.5
45299.7
45289.8
45284.5
45277.5
45272.5
45268.9
45266
45263
45261
45259.2
45261.3
45260.7
45261.1
45259.5
45261.4
45258.6
45259.5
45255
45254.5
45247
45242
45226.2
45214
45193.6
45183.3
45173.1
45159.2
45143.5
45131.6
45104.3
45069.7
45379.6
45332.7
45293.7
45257.2
45223.5
45197.3
45181.5
45166.4
45155.5
45149.7
45150.9
45150.7
45148.1
45147.5
45140.6
45126.9
45103.2
45079.4
45055.2
45037.6
44985.6
45295.3
45267
45241.2
45216.9
45197.6
45177.2
45158.4
45137.4
45120.5
45103.6
45092.4
45082.1
45074.7
45063.3
45055.1
45047.3
45044.2
45039.6
45037.8
45037.4
45037
45036.9
45038.5
45035.8
45035.9
45034.9
45035.7
45030.4
45025.2
45016.5
45009.2
44998.6
44991
44979.1
44974.7
44960.1
44952.7
44943.6
44944.5
44916.3
44901.6
45207.2
45145.2
45094.9
45050
45009.2
44979.4
44956.9
44938.2
44925.5
44919.1
44917.1
44913.5
44912.6
44908.4
44898.9
44886.7
44873.3
44854.5
44846.7
44835
44777.4
45113.9
45074.9
45043.6
45014.7
44990.2
44962.9
44940.9
44915.8
44894.6
44877.8
44865.2
44850.7
44838.5
44825.3
44817.8
44808.6
44804.1
44796
44794.9
44790.5
44792
44787.8
44789.2
44783.8
44784.4
44779.6
44779
44775.4
44773.3
44765.3
44760.7
44753.7
44750.1
44739
44736.7
44733.7
44738.1
44727
44725.1
44705.8
44664.5
45009.7
44938.2
44877.2
44823.7
44775.6
44740.5
44708.9
44687.8
44672
44662.9
44658.6
44652.7
44644.7
44642.9
44638.9
44628.8
44620
44613
44623.5
44617.4
44573.2
44903
44863.7
44828.9
44792.2
44760.3
44729.4
44702.2
44675.8
44653.9
44631
44611.2
44592.5
44577.2
44565.5
44556.6
44545.4
44539.4
44531
44525.3
44520.8
44521.9
44514.8
44509.7
44506.9
44503.9
44501.8
44502.8
44499.3
44501.4
44495.6
44495.1
44491.7
44488.2
44483.7
44489.5
44496.1
44508.1
44497.6
44514.1
44502.6
44498.3
44789.7
44711.6
44640
44577.1
44521.2
44474.8
44441.9
44416.3
44395.8
44379.3
44371.5
44360.7
44358
44357
44358.4
44353.5
44352.1
44360.4
44382.1
44397.6
44403.3
44676.1
44631.2
44590
44551.2
44516.8
44478.7
44445.8
44413
44386.3
44357.8
44334.9
44315.1
44300.7
44283.8
44273.8
44260.6
44248.7
44237.8
44230.9
44224.1
44218
44211.3
44208.7
44206.9
44209.1
44207.3
44210.4
44210.2
44213.5
44212.1
44214.7
44214.5
44216.6
44214.1
44225
44237.7
44256.5
44265.1
44281.8
44290.1
44310.7
44551.5
44462.3
44384
44308.9
44245.7
44188.7
44149.7
44120.8
44093.3
44073
44058.9
44052.6
44055.1
44057.4
44061.7
44066.6
44072.4
44088.7
44123.4
44167.1
44173.6
44424.8
44377.2
44333.4
44288.9
44248.6
44207
44170.5
44131.5
44099.4
44065.3
44038.9
44015.1
43997
43980.4
43966.7
43948.9
43935.5
43922.6
43913.3
43903.9
43900.3
43896.3
43897.1
43897.4
43899
43900.5
43902.1
43904.9
43911
43910.2
43915.3
43920.2
43931
43933.1
43948.4
43963.9
43990.2
44013.1
44054.9
44073.1
44052.8
44295.4
44196
44104.6
44021.3
43945.6
43884.3
43837.1
43801.5
43770
43749
43735.7
43733.2
43737.2
43740.3
43749.4
43764.5
43777.4
43802.9
43849.9
43932
43941.6
44163.6
44106.6
44056.1
44004.8
43957.4
43911.5
43867.7
43825.9
43789.2
43753.5
43722.7
43696.1
43676.2
43652.2
43631.9
43615
43605.1
43590.9
43580.7
43570.9
43566.6
43565.4
43568.7
43569.3
43574.1
43573.1
43579.2
43583.3
43592.5
43598.9
43607.7
43615.7
43624.2
43633.1
43651.9
43672.1
43707.1
43741.7
43822
43851.8
43836.5
44023.5
43910.1
43804.6
43710.1
43626.9
43557.3
43504.8
43459.4
43428.1
43407.4
43394.4
43397.3
43400.8
43412.8
43428.2
43446
43461.6
43497.8
43557.9
43704.3
43787.5
43881.1
43818.4
43761.9
43702.9
43647.5
43595.9
43549.4
43501.3
43461.2
43422
43389.1
43358.3
43331
43303
43282.9
43263.9
43249.6
43236.3
43229
43221.5
43220.3
43222.2
43224.9
43225.1
43229.7
43234.2
43244.8
43251.9
43264.9
43275.4
43287.3
43289.7
43298.9
43314.9
43339.7
43368.5
43416.1
43475.1
43581.5
43635.9
43789
43732.8
43606
43485.2
43379.9
43288.8
43214.5
43149.3
43101.1
43067.1
43045.7
43041.9
43043.5
43054.5
43070.8
43092.8
43112.3
43132.6
43179.9
43262.6
43444.1
43724.5
43584.6
43514
43448
43380.6
43318.3
43259.4
43207.1
43156.7
43114.4
43072.4
43034.4
42997.8
42964.8
42937.4
42917.4
42896.8
42880.6
42868
42861.8
42859.9
42863.2
42860.7
42862.6
42865.1
42874
42882
42897.9
42907.1
42917.4
42926.3
42936
42944
42962.5
42982.4
43021.4
43055.7
43111.6
43182.9
43304.8
43437.1
43669.3
43428.4
43284.2
43148.2
43028.9
42932
42850
42776.3
42726.7
42687.7
42674.8
42673.3
42674.9
42689.7
42714.3
42733.1
42758.1
42785.7
42852.4
42959
43171.9
43664.9
43272.3
43193.3
43116.9
43042.8
42974
42908.1
42847.1
42793.3
42747.4
42701.7
42662.3
42619.2
42584.5
42553.6
42529.7
42507
42494.2
42485.1
42483.7
42480
42480.2
42479.9
42488.2
42495.7
42507.3
42513.8
42526.2
42536.8
42554.3
42561.9
42574.4
42587.7
42611
42640.7
42689.4
42737.5
42804.2
42888.4
43024.9
43240.3
43800.5
43109.5
42948.5
42795.9
42663.6
42555.8
42464.7
42388.6
42331.1
42293.6
42281.4
42282.4
42294.1
42310.6
42328.9
42360.4
42390.4
42427.2
42513.5
42633.1
42879
43686
42943.9
42858.4
42777.5
42692.8
42617.7
42543.3
42478.2
42418.8
42365.4
42313
42265.8
42225.2
42190.5
42156.1
42129.6
42109.1
42091.6
42081.4
42079.8
42078.9
42082.8
42086.7
42094.9
42101.1
42111.2
42116.8
42130.9
42146.9
42163.5
42179.8
42201
42212.5
42233.5
42265.7
42331.4
42380.6
42457.8
42541.5
42713.5
42953.8
43558.8
42774.7
42598.8
42431.3
42284.9
42166.1
42061.3
41982.9
41924.4
41886.4
41873
41874.2
41885.5
41903.5
41927.9
41962.4
41993.3
42033.8
42137.8
42275
42531.3
43203.2
42603
42506.8
42416.5
42323.4
42240.1
42158.6
42090.1
42022.5
41962
41904.1
41856.4
41812
41772.3
41740.4
41718.7
41693.6
41679.2
41667.2
41660.7
41657.1
41663.8
41668.3
41679.4
41686.6
41696.5
41711
41727.4
41740.9
41758.2
41770.9
41789
41805.6
41828
41872.5
41942.5
42000.2
42090.9
42182.7
42327.3
42598.5
42981
42423.7
42225.6
42042.2
41887.1
41752.7
41643.8
41558.3
41503.6
41465.3
41443.8
41447.8
41466.6
41486.5
41516.6
41545.3
41579.4
41621.4
41730.1
41891.1
42144.1
43074.4
42239.2
42133.3
42032.2
41931
41838.7
41754.9
41679.7
41605.3
41541.5
41481.3
41428.1
41379.2
41341
41309.7
41286.2
41261.1
41247.1
41232.7
41226.4
41224.1
41231
41239.5
41254.2
41263.4
41277.2
41286.1
41303.4
41318.1
41337.3
41353.2
41369.4
41388.7
41414.9
41466.6
41521.9
41598.9
41685.9
41792.3
41971.5
42220.6
43145.5
42049.2
41831.2
41631.5
41461.8
41322
41205.9
41119.3
41058
41021.2
41003.3
41008.1
41032.4
41056.9
41090.5
41127.1
41158.6
41205.9
41314.5
41479.6
41759.5
42708
41857.1
41737.2
41626.8
41519.9
41420.8
41326.2
41240.8
41165.1
41098.2
41034.9
40981.9
40931.4
40893.6
40855.7
40826.1
40804.6
40793.9
40783.5
40779.2
40779.3
40784.8
40793.2
40808.4
40822.1
40839.3
40854.8
40873.3
40892.6
40918.1
40928.9
40949.5
40970
40997.4
41042.6
41107
41177.2
41275.5
41386.2
41544.6
41792.2
42315.3
41653.1
41416.3
41202.1
41016.6
40867.7
40746.1
40657.7
40591.2
40559.9
40551.3
40559.3
40580.5
40613.1
40649.7
40697.2
40732.9
40784.2
40889.8
41055.9
41347.5
41942.4
41447.2
41319.7
41200.8
41084.7
40978.6
40877.5
40788.1
40703.8
40632.7
40564.2
40507.1
40458.7
40418.3
40382.4
40354.4
40336.5
40327.7
40319
40321.4
40322.2
40329.7
40339.8
40354.3
40368.3
40387.8
40404.4
40430.5
40450.3
40475.8
40493.5
40514.1
40540.1
40572.7
40611.8
40669.5
40742.1
40840.7
40966.8
41135.6
41328.1
41686.3
41236.9
40977.7
40745.5
40549.8
40391.1
40266.4
40176.4
40114.8
40088.4
40082.7
40094.2
40120
40154
40199.3
40244.8
40291
40349.2
40447.7
40624.6
40917.2
41515.7
41021.1
40882.1
40749.8
40624.9
40509.8
40404.1
40308.9
40220.7
40145.6
40079.1
40025.1
39973.4
39933.8
39897.6
39873
39855.6
39846.5
39839.7
39843.6
39847.8
39860.7
39868.8
39887.5
39901.1
39921
39941.7
39966.5
39989
40019
40041.8
40068.2
40093.3
40123.6
40164.6
40224
40303.3
40410.2
40526.3
40700.2
40876.2
41382.5
40802.4
40516
40264.8
40059.4
39897.1
39775.4
39687.1
39626.6
39599.8
39598.1
39616.4
39649
39684.8
39732.8
39782.5
39835.4
39891.9
39998.8
40174
40481.1
41079.1
40580.5
40423.5
40275.7
40140
40016.2
39907.2
39807.4
39719.3
39643.3
39576.1
39522.9
39474.4
39437.4
39401.5
39378.3
39359.8
39352.2
39347.1
39350.5
39358.9
39371.6
39389.2
39410.5
39423.7
39446.7
39469.7
39499.4
39522.5
39550
39575.7
39604.7
39632.5
39664.1
39709.5
39773.1
39849.8
39941.6
40066.7
40260.2
40464
40787.3
40346.4
40027.4
39762.5
39549.8
39385.4
39263.1
39179
39125.1
39102.1
39101.2
39126.6
39165.6
39207.2
39261.5
39315.4
39372.7
39431.6
39541
39707.5
40061.2
40567.2
40104.4
39931.3
39773.6
39629.6
39505.1
39388.4
39288.7
39198.6
39123.9
39054.8
39002.3
38954.5
38919.5
38890.3
38870.6
38855.2
38848.5
38846
38853.9
38864.5
38884.8
38900.7
38922.8
38941.3
38966.7
38992.9
39024.8
39050.1
39083.1
39107.2
39141
39165
39204.2
39245.2
39309.9
39381.5
39477.9
39613.2
39852.2
40062.5
40452.2
39855.8
39512.1
39237.7
39017.8
38854.1
38735.1
38658.4
38612.3
38592.3
38601.7
38632.3
38671.8
38722.6
38781
38842
38900.3
38966.2
39083.8
39244.9
39624.8
40396.1
39597.2
39406.7
39242.4
39093.5
38964.3
38844.4
38742.8
38654.9
38581.3
38518.5
38467
38424.8
38395.3
38368.1
38352.5
38341
38337.9
38342.2
38350.7
38364.2
38380.9
38402
38423.1
38449.3
38481.8
38506.9
38542.1
38571.6
38604.7
38629.1
38659.4
38689.4
38728.2
38785.7
38857.8
38919.4
39015.8
39162.7
39397.4
39646.5
40356.3
39321.3
38961.8
38681.9
38464.2
38305.3
38195
38125.9
38087.7
38084.3
38097.1
38130.4
38176.8
38235.8
38294.9
38357.2
38419.7
38492.6
38619
38785.3
39141.5
40068.3
39029.9
38841
38677
38527.2
38396.4
38280.9
38180.7
38094.4
38026
37966.8
37920.6
37880.3
37853.6
37835.1
37825.8
37821.5
37828.4
37831.9
37845.4
37859.1
37883.2
37905.8
37935
37959.8
37989.9
38019.9
38052.7
38083.3
38113.5
38145.4
38179
38208.9
38257
38312.2
38382.5
38448.2
38547.1
38701.2
38899.1
39173.9
39810.3
38726.4
38384.8
38103.9
37888
37738.1
37635.1
37576.7
37554.9
37560.7
37583.7
37627.2
37683.9
37739.9
37803.6
37866.5
37928.1
38012.8
38143.9
38314.5
38671.5
39498.3
38425.7
38249.9
38086.8
37934.7
37803.3
37686.7
37590.6
37510.2
37443.9
37389.9
37348.1
37316.5
37299.4
37284.7
37279.7
37280.3
37291.1
37301.6
37322.7
37344.2
37369.6
37400.3
37434
37457.9
37491.5
37522.4
37557
37582.7
37618
37646.7
37681.2
37724.6
37768.5
37825.4
37904.3
37975.7
38088.7
38221
38441.3
38657.7
39214
38128.2
37782.2
37497.1
37289.3
37146.1
37058.4
37015.8
37004.1
37021.7
37060.6
37113.7
37179
37237.9
37304.3
37369.2
37437.6
37523.9
37663
37853.7
38178.5
38914.9
37826.8
37642
37472
37315.5
37186.4
37072.7
36983
36905.2
36847.1
36800.7
36769.1
36746
36733.5
36728
36732.4
36739.1
36753.6
36772.9
36801.7
36829.1
36862.2
36892.6
36927.2
36956.6
36989.7
37020.1
37052.9
37085.9
37122.5
37153.5
37196.1
37234.4
37284.6
37342.2
37423.9
37503.5
37617.9
37741.6
37928.7
38168.1
38638.4
37520.7
37150.8
36866.5
36667.1
36544
36477.6
36449.3
36458.4
36487.6
36540.5
36605.8
36672.3
36732.9
36799.6
36872.2
36947.8
37039.8
37182.5
37368.5
37694
38387.1
37208.1
37004.6
36823.8
36668.5
36539.6
36433.4
36351.3
36287
36241.8
36207
36186.4
36170.1
36167.4
36172.6
36187.1
36200.7
36222.9
36250.5
36285.4
36316.1
36351.8
36381.1
36419.8
36449
36482.1
36514.4
36550.4
36587.1
36626
36663.5
36702.8
36749.9
36798.6
36862.9
36941.1
37024.7
37124.9
37268.1
37453
37662.6
38212.3
36882.7
36485.4
36206.9
36033.7
35936.9
35892.9
35887.1
35916.6
35961.1
36026.3
36093.5
36162.9
36231.7
36304.7
36381.1
36460.3
36556.2
36702.4
36885.6
37218.4
37862.8
36547.5
36323.2
36137.3
35989.2
35872
35781.7
35716.2
35665.3
35633.5
35611.9
35604.1
35602.8
35610.3
35625.2
35649.7
35672.8
35701.7
35734.3
35770.7
35803
35838.4
35871.4
35910.8
35944.5
35983
36022.1
36065.6
36099.4
36141.2
36178.5
36220.8
36264.1
36318
36385.8
36464.1
36541.7
36652
36779
36982.4
37154.1
37607.4
36193.3
35781.3
35530.9
35393.3
35331
35314.7
35335.7
35382.9
35443.1
35511
35581.4
35658.7
35735
35819.1
35893.5
35977.6
36078.8
36220.4
36405.2
36737.7
37387.6
35819.5
35587.4
35417.8
35284.4
35189.6
35118.9
35073.3
35044.4
35031
35024.2
35030.1
35040.9
35063.2
35087.2
35120.7
35150.3
35186.8
35218.1
35254.9
35290.8
35332.1
35371.6
35412.4
35449.2
35492.4
35532.1
35575.5
35613.4
35652.7
35694.2
35736
35784.1
35841.2
35903.9
35985.5
36069.5
36162.3
36308.4
36501.7
36693.7
37165.3
35409.8
35041.3
34841.7
34752.5
34729.9
34744.9
34789.1
34853.5
34925.4
34997.5
35077.9
35163.3
35247.7
35331.7
35415.6
35499.4
35602.4
35743.5
35925.3
36268.3
36837.5
34983.9
34793
34654.3
34553.2
34488.7
34446.4
34426.5
34418.7
34425.2
34434
34456.2
34480.2
34512.4
34543.9
34583.8
34621.9
34663.6
34699.4
34739.7
34780.8
34826.1
34870.5
34914.5
34957.9
35004.2
35046.3
35092.7
35133.2
35179.6
35221.4
35267.5
35313
35360.6
35426.5
35508.4
35593.4
35695.4
35820.5
36031
36195.7
36544.5
34550.5
34258.2
34129.7
34099.1
34115.8
34163.7
34231.2
34313.6
34398.1
34484.9
34572.9
34664.5
34754.9
34849
34937.8
35029.2
35123
35268.7
35452.9
35783
36407.7
34105.4
33952.1
33857.8
33799.4
33771.7
33763.6
33772.8
33785
33808.4
33836.3
33873.4
33912.3
33954
33997.7
34044.4
34089.1
34136.7
34182.5
34233
34277.2
34324.6
34368.2
34417.6
34463.5
34510.8
34558.3
34608
34655.7
34702.5
34744.7
34793.8
34837.4
34890.7
34955.9
35035.4
35117.1
35214.9
35350.2
35535.7
35720.5
36309.8
33639.5
33448.4
33409.6
33442.5
33501
33582.4
33676
33771.9
33873.7
33975.3
34070.3
34169.5
34269.6
34369.5
34463.3
34553.8
34653
34798
34977.9
35306.5
35913
33166.2
33077.6
33035
33029.6
33047.8
33074.6
33113.9
33150.6
33197
33242.4
33294.4
33344.8
33399.3
33448.5
33503.4
33557.8
33613.6
33666.3
33721.1
33770
33819.5
33871.9
33927.7
33976.6
34029.7
34076.3
34131.1
34178.5
34230.6
34273.9
34318.6
34365.2
34415.3
34475.2
34565.2
34643.6
34743
34873.6
35075.8
35222.2
35588.8
32684.1
32621.8
32684.7
32786.3
32893.1
33005.3
33122
33236.5
33352.1
33465.3
33573.2
33683.6
33783.7
33887.1
33988.9
34079.7
34175
34323.3
34507.3
34835.9
35413.7
32183
32159.5
32203.5
32257.9
32324.4
32390.2
32460.8
32524.8
32590.7
32654.6
32719.6
32783.8
32849.7
32909.9
32971.8
33033
33095.1
33151
33211.7
33270.6
33330.1
33381.7
33440.8
33491.5
33542.5
33591
33644.6
33695
33752.5
33795.1
33843.2
33884
33935.3
34000.2
34084.3
34169.1
34272.4
34399.8
34605.3
34766.2
35186.8
31619.3
31775.4
31963.4
32134
32289.7
32436
32575.8
32709.3
32837.3
32959
33082.1
33197.2
33301.6
33404.9
33511.2
33600.6
33698.8
33846.3
34030.9
34364.3
34996.4
31037.8
31213.3
31358.5
31488.5
31608.7
31714.8
31815.5
31906.1
31995.5
32076.3
32157.7
32232.3
32307.7
32377.9
32452
32516.2
32582.2
32644.5
32709.8
32772.5
32837.8
32896.8
32957.9
33009.4
33064.9
33112.2
33166.5
33217
33273.4
33315.8
33361
33410.1
33463.9
33528.4
33610.9
33699.3
33796.1
33937
34131.7
34298.6
34848
30461.1
30947.4
31257.9
31500.6
31701.8
31879.7
32040.7
32191.6
32330.6
32461.8
32591.1
32715.1
32826.1
32927.3
33030.6
33126.6
33234.6
33378.9
33565.8
33904.4
34473.1
29891.2
30259.5
30528.9
30738.5
30910.4
31057
31189.4
31306
31412.2
31512.7
31607.2
31691.7
31776.1
31856.5
31934.6
32008.9
32082.1
32149.8
32218.7
32280.8
32348.8
32410
32476.7
32531.6
32589.2
32639
32691.8
32742.5
32795.5
32846.7
32897.5
32947
33006.1
33063.7
33152.6
33235.4
33340.5
33464
33674.7
33831.8
34154.2
29310.3
30100
30561.5
30875.7
31124.5
31334.3
31514.1
31679.5
31831.1
31973.5
32105.7
32235.1
32348.1
32457.2
32562.4
32661.7
32771.9
32918.3
33108.7
33435.2
33898.7
19009.6
19036.3
19080
19127.7
19183.1
19241.7
19308.5
19370.3
19439
19510.3
19584.2
19664.3
19748.2
19833.4
19923.9
20011.9
20108.1
20209.1
20323.6
20438.6
20563
20697
20843.2
21001
21172.2
21355.2
21550.5
21650.2
21756.7
21869.1
21983.9
22072.1
22161.4
22254.9
22353.7
22451.3
22557.4
22664.1
22775.6
22886
23004
23128.3
23261.5
23397.7
23540.1
23677.2
23825.3
23998
24184.8
24374.8
24571.8
24784.2
25019.8
25268.5
25550.1
25895.6
26303.6
26774.7
27297.9
27911.8
28692.1
29286
29679.1
29973.7
30208.6
30400.2
30563.9
30706.4
30837.6
30953.1
31062.6
31158.7
31254.3
31341.1
31427.3
31507.5
31584.1
31657.5
31731.4
31799.8
31867.1
31931.4
31996.8
32054.9
32111.9
32168.2
32227.4
32280.2
32335.1
32379.5
32430.7
32482.4
32539.5
32606.3
32686.2
32776.8
32880.9
33005.6
33195
33393.5
33698.4
18995.4
19062.7
19163.4
19285.8
19416.1
19561.9
19724.8
19900.2
20086.1
20299.7
20539.7
20819.8
21149.2
21526.3
21733.5
21956.8
22138.9
22329.5
22532.1
22748.6
22979
23233
23507.6
23802.3
24140.9
24522.3
24958.7
25480.9
26144.4
26982.8
28082.2
29120.1
29736.2
30152.6
30466
30719.9
30934.3
31126.5
31296.5
31454.2
31600.5
31735.9
31864.5
31983.3
32096
32194.7
32306.7
32458.5
32663.8
32983.6
33604.4
18976
19007.8
19045.3
19091.1
19143.7
19200.2
19262.7
19325.7
19392.4
19463.5
19539.4
19615.1
19700.1
19784.7
19875.9
19965.5
20062.1
20162.4
20274.6
20390.8
20514.5
20649.3
20795.2
20952.2
21123.9
21303.9
21500.6
21603.1
21707.6
21816.2
21929.7
22020.3
22113
22205.2
22301.6
22400.8
22502.5
22608.9
22719.4
22831.7
22948.1
23070.5
23200.3
23331.7
23470.9
23614.1
23764.6
23924.6
24094.5
24271.5
24463.4
24667.7
24885.5
25121.4
25383.4
25670.7
25982.5
26320.9
26705.9
27144.5
27631.3
28161.3
28618.5
28985.3
29284.8
29537.9
29752.4
29938.7
30103.4
30250.9
30384.9
30506.8
30621.1
30726.6
30830.1
30924.2
31014.5
31098.9
31184.2
31261.1
31338.1
31412.8
31482.7
31551.3
31619.9
31678.3
31743.5
31800.2
31860.6
31908.9
31962.2
32016.4
32079.5
32152.5
32237.1
32335.7
32446.7
32573.8
32776.5
32972.1
33541.1
18953.4
19026.4
19121.9
19237.4
19367.6
19512.9
19672.2
19847.4
20035.2
20246.4
20486.4
20765.7
21093.6
21469.7
21678.2
21896.5
22078.9
22268.2
22467.5
22681.4
22911.5
23158.5
23426.1
23716.6
24035.2
24393.2
24799
25267.7
25813.5
26455.6
27261.4
28162.7
28851.9
29353.1
29739.2
30043.4
30302.3
30526.8
30727
30906.6
31071.8
31222.9
31365.4
31495.6
31617.6
31722.6
31844.4
32011.6
32221.1
32537.6
33292.9
18927.8
18966.5
19006.4
19049.8
19100.1
19153.8
19212.2
19274.7
19342.1
19410.8
19485.3
19562.1
19644.1
19728.2
19818.3
19909.9
20007.1
20108
20217
20333.9
20457.4
20590
20734.7
20890.3
21061.7
21240.4
21436.9
21539.2
21645.9
21751.4
21862.4
21950.6
22043.1
22135.4
22232
22328
22428.9
22533.3
22641.9
22752.6
22869.5
22987.2
23111.7
23242.3
23378.5
23517.5
23661.9
23811.9
23970.6
24138.4
24317.6
24504.6
24703.5
24916.6
25146.5
25389.1
25647.2
25924.4
26228.9
26569.5
26947.5
27366.1
27771
28130.6
28452.1
28730.1
28974.9
29191.9
29387.5
29557.7
29713
29857.1
29991.6
30112.2
30229.8
30339.3
30444.4
30539.7
30634.2
30724.3
30812.6
30890.5
30968.6
31039.8
31115
31183.3
31251.1
31315.7
31378.7
31432.7
31487.9
31546.4
31610.5
31695.9
31791.8
31883.3
31999
32130.9
32308.4
32554.3
33060.9
18900.4
18983.7
19076.4
19185.8
19314.3
19456.1
19614.7
19787
19976.7
20185.9
20425.7
20701
21025
21397.9
21606.3
21821.7
22002.2
22188.3
22385.3
22594.8
22820
23058.8
23320.9
23598.2
23895.7
24230.7
24598.8
25015.9
25478.1
26011.5
26658.9
27409.7
28071.6
28607
29035.4
29380.8
29676
29929.3
30156
30357.7
30543
30706.9
30858.8
31000.4
31134
31248.9
31373.2
31561.8
31768.3
32093.1
32879.2
18873.1
18914.2
18958.3
19002.4
19052.5
19102.5
19159
19219.4
19286
19352.7
19426.4
19501.4
19584
19665.6
19755.3
19845.7
19945.1
20045.7
20154.1
20268.1
20392.6
20523.7
20665.7
20820.1
20987
21164.5
21357.5
21459.8
21565.8
21670.3
21778.5
21867.4
21959.2
22049
22143
22240.9
22340.8
22441.2
22545.4
22653.2
22766.1
22882.1
23003.1
23126.7
23259.2
23393.1
23531.3
23670.4
23818.3
23973.9
24139.1
24310.5
24491.4
24681.8
24884.3
25094.4
25315.8
25550.2
25808.6
26090.3
26400
26747.1
27092.1
27419.4
27726
28005.7
28262.2
28491.1
28700.4
28887.5
29060.4
29219
29368.6
29506.7
29637.4
29758
29875.4
29981
30086.2
30181.7
30279.7
30367.5
30453.2
30530.5
30606.5
30680.6
30757.7
30823.5
30894
30952.5
31013.1
31076.6
31143.5
31232.1
31334.1
31427.8
31546.5
31684
31877.8
32098.3
32724.1
18842.6
18930.2
19024.3
19130.1
19255.3
19394.1
19550.3
19720.8
19909.2
20118.3
20356
20627.3
20945.6
21314.3
21518.8
21731.3
21910.3
22094.3
22288.4
22491
22707.3
22938.2
23189.1
23453.8
23731.1
24040.4
24376.7
24747.3
25150.7
25610.5
26155.3
26793.2
27397.3
27924.6
28368.8
28743
29062.1
29341.6
29586.3
29807.6
30007.7
30190.3
30351.4
30505.8
30646.3
30767.2
30904.6
31097.5
31317.7
31654
32440
18809.9
18855.2
18901.5
18945.4
18994.5
19046.1
19101
19158.1
19223.6
19290
19361.2
19434.6
19515.8
19596.5
19684.6
19775.9
19873.9
19974.3
20081
20194.8
20318.2
20447.5
20588.3
20739.2
20903.2
21078.3
21269.8
21368.9
21470.8
21574.6
21682.6
21769.5
21859.5
21950.1
22043.1
22136.4
22234.4
22332.6
22434.1
22538.9
22645.9
22755.9
22871.2
22991.3
23116.5
23245.7
23375.3
23504.8
23643.1
23787.8
23940.9
24097.1
24260.9
24431.9
24612.7
24796.3
24990.7
25196.8
25421.9
25667
25931.1
26225.8
26522.7
26813.7
27096.3
27360.5
27610.4
27841.4
28056.4
28253.1
28439.2
28607.4
28766.2
28913
29055.2
29183.2
29306.4
29424.4
29535.7
29640.7
29742.5
29840.4
29934.9
30019.2
30103.3
30179.2
30258.5
30331.8
30404.5
30468.3
30529.5
30598
30670.2
30765
30865.7
30969.7
31093
31232.4
31431.9
31631.4
32205.8
18774.6
18869.9
18963.4
19070.1
19189
19327.1
19478.3
19647.2
19835.4
20041.7
20277.8
20546.4
20858
21219.8
21419.9
21629.1
21804
21985.4
22173.2
22371
22579.5
22798.5
23037.9
23289.9
23548.1
23835.7
24141
24473.9
24829.5
25235.5
25711.3
26263.8
26805.3
27305.8
27749.2
28134.9
28470.6
28764.8
29026.1
29260.8
29474.7
29672.1
29847.3
30009
30156.2
30285.1
30431.2
30631.2
30861.3
31198.5
31872.5
18737
18787.3
18836.9
18882.3
18931.4
18981.4
19038
19092.5
19154.2
19219.3
19291.7
19362.8
19441
19522.4
19609.3
19698.7
19796.1
19894.6
20001.2
20112.9
20236
20363.2
20503.4
20649.7
20811.3
20982.2
21168.7
21266.7
21367.1
21468.3
21574.7
21660.7
21748.6
21835.7
21925.6
22017.7
22112.2
22207.2
22306.1
22406.8
22511
22615
22724.6
22839.5
22958.4
23080.3
23203.3
23323.7
23451.8
23588.6
23731.9
23874.9
24022.9
24177.3
24337.2
24502.7
24675.4
24859.1
25059.1
25274.6
25506.8
25764.4
26025.7
26283.2
26537.5
26785.4
27023.3
27246.2
27459.8
27656.8
27844.5
28020.8
28188.3
28341.6
28486.3
28624.4
28756.9
28878.5
28996.3
29104
29212.4
29313.9
29416.1
29507.7
29597.1
29678.6
29763.8
29839.7
29916.3
29980
30045.3
30117.7
30195.9
30292.6
30401.2
30512.1
30636.4
30776.2
30966.3
31162.1
31590.3
18698.1
18800.5
18896.5
19002.2
19117.5
19252.7
19401.8
19569.4
19753.3
19958.3
20190.5
20455.6
20762.2
21115.1
21311.1
21515.7
21686.6
21862.5
22045
22237.5
22436.9
22646.6
22874.4
23109.8
23350.4
23620.3
23900.3
24199.4
24520.8
24884.3
25305.7
25794.8
26280.1
26746.3
27175.9
27559.7
27904.3
28209
28482.3
28727.4
28947.6
29154.3
29339.3
29511.7
29666.7
29802.5
29953.2
30162.8
30402.5
30722.4
31422.9
18659.2
18710.8
18762.9
18811.5
18860.7
18911.9
18965.6
19020.9
19080.6
19144.1
19213.3
19286
19362
19442.6
19529.4
19616.9
19710.9
19808.1
19913.9
20023.9
20144.9
20270.5
20406.3
20552.6
20711.5
20878.2
21061.3
21156.6
21255.2
21353.4
21455.7
21539.2
21625
21710.5
21797.9
21887.1
21978.5
22071.2
22166.9
22264.1
22364.1
22464.4
22569.3
22676.2
22789.4
22903
23016.7
23129.8
23250.2
23378.1
23509.9
23641.7
23778.6
23920.1
24066.8
24214.3
24370.1
24536.7
24717.8
24910.5
25116.2
25346.3
25579.8
25810.9
26041.4
26267.2
26488.9
26700.7
26906.9
27102.5
27289.4
27464.3
27633.8
27791
27942.6
28081.3
28217.3
28342.6
28466.8
28579.4
28690.5
28797.6
28899.7
28996.7
29091.1
29178.4
29264.7
29347.6
29426.3
29496
29564.3
29639
29717.6
29822.4
29932.5
30047.1
30174.5
30317
30490.7
30716.1
31256.1
18617.5
18722.3
18822.9
18927.8
19042.3
19172.4
19320.8
19485.9
19666.2
19866.4
20095.8
20355
20657
21002.8
21193.7
21391.3
21558.1
21728.4
21907
22092.2
22284.2
22484.9
22699.7
22920.4
23145
23395.6
23654.9
23930
24218.9
24550.5
24930.4
25368.3
25807.6
26238.4
26643.8
27019.5
27362.6
27671.9
27951.8
28202.8
28432.1
28644.3
28836.6
29016.1
29179.6
29321.3
29477.4
29696.9
29940
30252.7
31122.5
18576.7
18628.3
18681.3
18732.4
18784.5
18834.5
18890
18943.7
19003.2
19064.3
19131.4
19202.6
19279.7
19357.3
19442.2
19527.8
19620.8
19716
19819
19928.6
20045.7
20169
20303.3
20445.9
20602
20765.3
20943.3
21035.7
21131.3
21228
21327.7
21407.9
21490.5
21573.7
21659.6
21746.3
21835.8
21923.9
22016.3
22109.1
22204.8
22300.8
22399.9
22502.2
22609.5
22718.1
22825
22928.8
23040.7
23160.9
23284.6
23405.8
23532.3
23663.2
23797.5
23933
24073.3
24225.8
24390.7
24567.1
24753.7
24958
25169.3
25378.4
25588.5
25795.2
26002.3
26201.2
26395.7
26582.3
26764.2
26936.7
27103.7
27261.4
27412.7
27556.3
27695.7
27824.4
27949.7
28067.1
28181.4
28290.1
28397.7
28494.1
28591.3
28683.6
28773
28857.5
28942.1
29014.1
29085.6
29167.2
29244.8
29352.3
29465.5
29585.3
29711.5
29854.6
30025.5
30250.6
30985.5
18532.7
18638.6
18742.2
18848.5
18961.6
19088.5
19235.1
19395.3
19571.8
19769.9
19994
20248.1
20543.3
20881
21067
21260.5
21420
21586.9
21758.8
21937.1
22120
22311.3
22516.8
22724.1
22933.6
23168.2
23407.9
23662.8
23927.5
24229.5
24575.9
24971.7
25371.7
25767.6
26151
26511.6
26846.5
27155.1
27437.3
27693.3
27926.2
28145.6
28342.2
28524.9
28694.4
28843.9
29008.5
29230.3
29474.6
29784.6
30629.5
18489.5
18542
18594.9
18647.3
18700.3
18751.6
18805.4
18861.5
18919.9
18980.3
19045.6
19115
19190.1
19266.3
19348
19432.7
19523.1
19617.5
19719.9
19826.4
19942.4
20062.1
20192.9
20332.2
20484.1
20645.1
20818.1
20909.6
21002.9
21096.1
21192.7
21270.3
21349.7
21431.2
21514.9
21597.2
21681.9
21768.5
21857.4
21945.7
22036
22128.2
22224.5
22322.1
22424.2
22524.5
22624.6
22723.8
22828.9
22938.8
23053.9
23169.3
23286.6
23407.3
23531.6
23656.7
23787.7
23925.1
24075.2
24235.1
24405.4
24592.4
24784.1
24973.9
25167.2
25357.5
25546.5
25735.2
25919.7
26098.6
26272.9
26439.9
26601.5
26757.1
26907.7
27049.6
27190.2
27320.2
27446.8
27566.3
27681.6
27791.8
27901.4
28001.7
28100.5
28194.9
28286.5
28371.4
28454.4
28533.7
28610.2
28695
28779.7
28886.9
29003
29121.2
29243.4
29390.3
29552.1
29761.7
30285.2
18445
18549.9
18655.1
18761.3
18875.6
19000.1
19141.8
19298.7
19472.3
19665.8
19886.7
20134.9
20422.9
20752.8
20933.9
21121.8
21276.2
21436.8
21603.1
21773.9
21948.9
22131.5
22326.5
22522.5
22719.2
22937.2
23161.4
23397.6
23645.1
23922
24235.9
24597.4
24965.2
25329.1
25689.7
26035.1
26357.9
26659.4
26940.6
27198.1
27433
27652.8
27855.2
28042
28210.2
28368.4
28541.7
28767.3
29011.1
29324.7
29982.1
18401.4
18452.2
18504.7
18556.7
18609.8
18663.4
18717.2
18771.4
18830
18890.8
18954.9
19021.4
19093.5
19168.4
19248.6
19331.6
19421.4
19512.7
19612.1
19717.3
19830.9
19948.5
20076.2
20212.3
20361.5
20517.3
20687.7
20775.7
20866.1
20957.3
21051
21126.6
21203.4
21281.6
21360.9
21441.3
21523.7
21606.5
21691.8
21776.2
21862.3
21949.1
22039.3
22132.1
22229.3
22326.9
22421.9
22513.4
22612.2
22716.8
22823.4
22929.9
23039.2
23151.9
23268
23385.3
23507.2
23634.9
23773.2
23919.8
24074.7
24245.2
24419
24594.6
24772.7
24948
25123.7
25298
25472.3
25642.2
25808.7
25969
26125.6
26274.9
26423.7
26563
26700.5
26830.9
26959.4
27078.9
27194.5
27304.2
27412.3
27516.4
27617
27712.8
27805.4
27890.6
27975.9
28053.3
28134
28223.4
28311.9
28422.7
28538
28657.4
28786.3
28925.9
29103.8
29281.2
29695.6
18354.6
18458.3
18563.1
18671.4
18782.3
18907.5
19044.4
19196.4
19367.9
19555.8
19772.8
20015.1
20296.7
20618.7
20794.1
20976.5
21125.9
21281.4
21440.4
21604.1
21771.6
21943.8
22129.2
22316.1
22503.4
22707.6
22916.8
23136.4
23366.2
23623.7
23913
24243.8
24581.7
24921.4
25256
25583.8
25892.9
26186.7
26462.3
26718.5
26954.9
27170.4
27376.2
27566.2
27735.3
27892.6
28075.3
28304.3
28553
28872
29462.3
18308.6
18359.6
18411.7
18463.1
18516.2
18568.5
18624.9
18678.1
18735
18795.3
18859.5
18924.4
18994.9
19066.1
19144.9
19224.7
19313.8
19403.4
19500
19603.2
19714.3
19829.2
19953.9
20087.4
20231.3
20384.6
20549.9
20635.6
20723.3
20811.3
20902
20974.7
21049
21124.8
21203.2
21279.6
21358.2
21437.1
21518.1
21598.9
21681.1
21764.4
21850.8
21939.6
22031.5
22122.5
22212.5
22301.9
22396.4
22493.6
22594.6
22694.3
22796.9
22901.2
23009.4
23117.7
23230.6
23349.7
23479.3
23615.3
23758.3
23914.3
24075.4
24237.6
24401.7
24563.3
24727.2
24889
25050.8
25211
25369.3
25522.5
25671.8
25816.3
25959.7
26098.4
26232.7
26362.1
26488.1
26605.1
26722.8
26831.7
26938
27039.9
27143.6
27240.3
27334.3
27420.6
27504.5
27585.2
27661
27753.8
27843.9
27958.7
28078.2
28199.4
28326
28464.7
28643
28825.9
29273.5
18260
18362.8
18467.3
18574.5
18685.8
18808.2
18942.5
19090.6
19256.2
19442.2
19652.8
19890.2
20163.9
20478.8
20648.2
20825
20969.1
21119.1
21271.7
21427
21587.8
21754.2
21929.7
22106.8
22284.1
22477.4
22673.5
22879.6
23093
23332.7
23601.2
23907.7
24220.4
24533.9
24846.1
25155.4
25451.4
25733.3
26002.6
26254.7
26486.1
26701.9
26907.4
27099.1
27270.4
27429
27610
27848.7
28096.9
28408.3
28968
18212.6
18262.8
18313.9
18365.6
18417.8
18469.4
18524.3
18579.3
18636
18694.6
18757.5
18820.6
18889.4
18959.2
19036.4
19113.9
19198.6
19287.9
19384.4
19484.1
19592.1
19705.2
19826.9
19955.6
20095.7
20244.9
20408.1
20490.2
20575.4
20660.4
20748.3
20818.7
20890.1
20962
21035.9
21110.1
21185.8
21261
21338.1
21415.8
21496
21575.2
21658.5
21742.6
21829.7
21916.7
22002.2
22085.8
22174.6
22268
22363
22457.6
22553.8
22652.1
22753.7
22855.2
22960.2
23071.9
23192.2
23317.8
23449.9
23596.6
23746.6
23895.8
24047
24196.2
24348.3
24500.5
24651.7
24802.5
24952.6
25097.4
25241.3
25379.3
25517.3
25650.5
25782.7
25906.7
26031.1
26147.1
26259.6
26369.2
26475.5
26577.5
26678.3
26774.8
26871.9
26958.7
27045.1
27123
27204.1
27294.1
27383.2
27502.7
27625.5
27744.6
27874.9
28011.7
28180.8
28354.2
28657.9
18164.1
18264.6
18366.5
18471.8
18584.2
18703.2
18833.8
18979
19139.9
19323.2
19528.4
19760.2
20025.4
20332.7
20497.9
20668.2
20807.9
20950.9
21096.2
21245.3
21399.9
21558.7
21727.1
21895
22062.5
22246.2
22432
22625.5
22825.6
23049.7
23299.5
23584.3
23873.3
24164.4
24458.7
24748.5
25031.2
25301.3
25560
25805.5
26034.4
26247.8
26448.1
26639.8
26814.2
26972.8
27154.7
27394.5
27644.3
27950.1
28388.8
18115.7
18164.2
18215.5
18264.8
18315.9
18366.2
18419.6
18474.5
18532.1
18588.1
18649.6
18711.3
18777.9
18846.8
18921.7
18998.7
19080.9
19167.4
19262.1
19359.8
19464.6
19574.9
19694.1
19818.9
19955.4
20099.8
20257.7
20338.3
20421.1
20503.7
20589.4
20657.5
20726.7
20795.9
20866.9
20936.2
21008.1
21080.9
21154.7
21229.3
21305
21382.2
21462
21542.5
21626.5
21709.7
21791
21869.9
21953.6
22042.2
22133.2
22222.2
22313.8
22405.1
22499.8
22595.2
22695.3
22800.5
22912.5
23031
23154.6
23289.2
23428.5
23565.9
23706.9
23845.9
23988.6
24130.1
24274
24414.1
24554.2
24691.8
24829.8
24961.8
25094.2
25221.6
25347.8
25468.9
25588.2
25704.5
25818.2
25922.2
26027.1
26128
26226.6
26321.6
26416
26505.4
26590.8
26670.8
26750.8
26843.9
26934.7
27052.1
27169.1
27293.9
27423.1
27558.9
27720.2
27904.8
28174.8
18064.2
18163.1
18263.8
18365.4
18477
18592.8
18720.5
18861.7
19019.9
19198
19399.2
19624.3
19882.8
20179.7
20340.7
20506.5
20641.1
20778.7
20918.4
21061.2
21209.2
21361.4
21522.5
21682.6
21842.2
22015.5
22192
22373.4
22561.8
22773.7
23006.7
23270.5
23539
23811.4
24086.5
24360.6
24628.3
24886.1
25135.4
25372.4
25597.7
25806
26004.3
26191
26366.4
26525.7
26709.3
26942.6
27198.5
27495.1
28025.7
18011.5
18061.7
18111.6
18160.5
18211.5
18260.4
18311.4
18364.6
18421.6
18477
18535.9
18596.5
18662.6
18729.1
18802.3
18877.6
18958.9
19042.9
19134.2
19230.4
19333.8
19440.2
19555.4
19678.5
19810.8
19950.8
20102.1
20181
20261.6
20342.6
20425.1
20490.3
20556.8
20624
20692.3
20759.9
20829.9
20898.6
20969.6
21041.9
21114.9
21187.9
21263.5
21340.7
21420.6
21500.5
21578
21653.3
21733.1
21816.3
21902
21986.6
22073.3
22160.8
22249.8
22340.3
22433.8
22532.4
22639
22748.7
22863.7
22989.8
23118.5
23246.8
23376.9
23508.7
23641
23774.2
23907.7
24041.1
24175.4
24306.1
24436.3
24561.7
24686.4
24810.5
24933.2
25049.2
25165
25276.2
25385.7
25490.1
25593
25691.4
25790.4
25883.3
25974.1
26063.3
26151.5
26228.6
26306.9
26401.5
26492.1
26607.5
26725
26850.2
26980.1
27114.7
27282.7
27459.6
27867.3
17956.6
18058.2
18156.1
18255.4
18363.3
18476.8
18602.3
18739.9
18895.7
19067.3
19265.4
19484.8
19737.4
20023
20180.2
20340.5
20470.3
20603.1
20737.2
20876.1
21017.9
21163.4
21317.2
21471.5
21621.7
21787.4
21954.2
22126.1
22305.2
22501.2
22718.1
22964.3
23215.2
23471.3
23729.5
23988.6
24242.8
24488
24729.1
24956.9
25173.1
25379.1
25572.5
25755.8
25931.4
26086.7
26270
26504.4
26754.5
27059.5
27565.4
17903.5
17953
18004.3
18051.8
18101.7
18149.3
18199.7
18251.5
18305.1
18360.1
18418.2
18478.1
18542.3
18607.5
18678.3
18752
18832.2
18913
19001.4
19095.6
19197.5
19301.9
19414.4
19534.2
19664.3
19799.3
19945.2
20021.1
20099.6
20177.9
20258.1
20321.3
20385.7
20449.9
20515.2
20580.3
20646.9
20715
20784
20853.9
20923.9
20993.4
21065.2
21139.7
21216.6
21293
21367.2
21438.5
21514.2
21594.5
21675.5
21755.9
21837.5
21920.7
22006.7
22091.9
22180.6
22270.7
22368.2
22471.4
22578.5
22697.4
22816.9
22937.3
23059.7
23182.5
23307.6
23432.2
23558.7
23682.6
23809
23932.7
24057.7
24177.5
24297.9
24415.8
24533
24646.4
24757.7
24864
24970
25073
25174.5
25268.9
25363.8
25455.6
25545.6
25631.4
25718.2
25798.8
25875.4
25966.7
26057.4
26170.5
26289.5
26411.5
26538.6
26679.8
26839.9
27018.3
27312.8
17849.1
17947.9
18044.9
18142.7
18246.3
18357.8
18479.4
18614
18766.1
18933.2
19126.5
19342
19588
19865.5
20017.1
20172.6
20298
20424.9
20555.2
20690.4
20826
20966.4
21113.8
21260
21404.1
21561.9
21719.6
21883.9
22053
22235.5
22437.8
22669.3
22903.3
23143.9
23386
23629.2
23870.7
24108.3
24337.9
24557.4
24766
24968
25154.4
25333.5
25502.8
25661.6
25840.9
26070.3
26322.3
26627.4
27113.8
17794.7
17843.5
17892.4
17939.1
17988
18035.6
18085.3
18135
18188.2
18240.6
18297.5
18355.1
18417.1
18481.2
18549.4
18622.3
18700.7
18780
18865.7
18957.1
19056.4
19158.4
19270.1
19385.9
19512.5
19644.4
19786.7
19860.2
19935.7
20011.1
20088.4
20150.1
20212.5
20273.8
20336.5
20400.1
20464.9
20531.3
20598.8
20664.2
20731.2
20798.9
20869.2
20939.6
21013.6
21085.8
21156.2
21225
21297
21372.7
21450.9
21527.4
21605.3
21684.6
21765.6
21845.4
21928.4
22015.8
22107.7
22203.5
22302.8
22412.8
22525.8
22638.8
22753.4
22868.1
22985.7
23102.8
23220.9
23339.2
23456.8
23574.1
23692.5
23808.1
23924.7
24038.1
24151.1
24258.2
24364.6
24467.1
24569.8
24668.8
24769.2
24861.5
24954.4
25041.3
25129.5
25212.8
25295.5
25376.5
25454.9
25543.4
25632.3
25743.9
25859.4
25981.6
26113.5
26245.1
26418.6
26574.8
26949.3
17739.6
17834.9
17929.2
18025.9
18127.6
18234.6
18352.6
18483.5
18632.6
18795.8
18983.7
19194.9
19434.1
19705
19852.1
20002.3
20123.7
20247.1
20372.7
20503.3
20633.9
20769
20910.5
21049.7
21188.2
21337.6
21489
21644.9
21804.6
21978.4
22166.1
22381.9
22602.3
22827.8
23055.3
23285.3
23513.8
23739.6
23961.5
24172.4
24372.8
24567.9
24750.4
24924.4
25087.3
25244.6
25420.8
25645.7
25896.2
26200.1
26764
17685.9
17731.5
17778.4
17823.4
17871.1
17918.2
17967
18015.1
18067
18117.4
18172.6
18228.6
18288.7
18351.4
18418.3
18488.6
18565
18642
18726.2
18815.4
18911.6
19012.1
19120.1
19234.4
19357.1
19485.6
19624
19696
19769.8
19842.4
19917.5
19977
20036.9
20097.5
20159.3
20220.2
20283.1
20345.8
20409.7
20473.5
20538.2
20603.8
20670.8
20738.7
20809.5
20878.8
20946.8
21012.8
21081.9
21153.9
21227.6
21301.4
21375.4
21450.6
21528.4
21604.4
21684.5
21766.6
21853.5
21942.2
22035.1
22138.2
22242.9
22348.8
22457.2
22565.1
22674.8
22784.9
22896.8
23007.8
23120.6
23230.9
23343.1
23452.8
23562.7
23670.8
23779
23883.9
23987.8
24085.3
24183.3
24279.1
24373.6
24465
24554.4
24640
24726.1
24807.3
24887.3
24965.3
25042.5
25131.1
25217.1
25326
25439.8
25560
25686.6
25820.5
25984.8
26157.6
26616.6
17630.2
17720
17811.2
17905.4
18003.9
18108
18223.4
18351.1
18494.7
18654.4
18837.6
19043
19277.3
19540.2
19683.4
19829.9
19947.7
20068.7
20189.2
20314.3
20440.6
20570.6
20706.5
20842
20974.3
21117.1
21260.5
21409.7
21561.3
21724.9
21901.2
22103
22311.6
22522.7
22737.5
22953.6
23170.1
23384.6
23595.5
23800.5
23993
24180.9
24357.7
24525
24684.1
24837.9
25011.6
25231.5
25472.3
25774.7
26392.6
17575
17618.2
17662.3
17706
17751.7
17796.9
17844.4
17892.1
17941.9
17991
18044
18099.3
18159
18218.4
18284
18352.5
18425.7
18501.9
18583.1
18670.2
18764.9
18862
18966.9
19078.8
19198.7
19322.7
19457
19527.5
19599.9
19670.8
19743.5
19801.1
19860.6
19919.6
19979.9
20038.2
20097.6
20158.9
20220.5
20282.8
20345.7
20407.9
20472.9
20537.8
20605.7
20673.3
20739.5
20802.3
20868.9
20938.7
21010
21078.6
21148.9
21220.2
21294.1
21367.2
21441.8
21519.8
21601.4
21685.3
21772.2
21869.6
21968.4
22068.4
22170.5
22271.4
22375.8
22479.6
22584.5
22688.3
22793.4
22897.2
23002.8
23108.1
23213.5
23315.1
23418.8
23518.8
23620.3
23716.1
23810.5
23903.4
23996
24081
24167.2
24250.1
24333.2
24410.8
24488.7
24564.1
24639.9
24725.9
24813.4
24921.2
25030.6
25146
25268
25400.6
25569.3
25732.8
26177
17518.3
17603.3
17690.2
17781.6
17877.4
17978.9
18092.1
18214.9
18354.7
18510.2
18689.2
18889.1
19117.4
19372.2
19512.5
19654.5
19770.5
19887.3
20004.1
20124.7
20246.8
20372
20503.1
20633.7
20761.1
20898.3
21035
21176.6
21321
21475.9
21641.1
21831.8
22028.4
22226.7
22429.5
22633.3
22835.6
23040.9
23241.3
23438.1
23626.1
23806.9
23976
24140.3
24292.9
24440.5
24611.8
24826.6
25056.8
25356.2
25883.5
17462.5
17503.4
17545.2
17587.1
17629.7
17673.4
17719.1
17765.3
17813.5
17862.2
17914.1
17967.7
18025.6
18083
18146.5
18212.2
18284.1
18358.6
18438.5
18523
18614
18709.8
18812.7
18920.6
19037
19158.4
19288.9
19356.9
19426.6
19496.6
19567.5
19623.7
19681.8
19738.8
19796.7
19853.9
19912.6
19971
20031.5
20090.4
20149.9
20211
20274.3
20337.9
20403
20466.6
20530
20591.8
20655.6
20722.8
20790.6
20857.5
20924.7
20992.4
21062
21132.6
21204.7
21277
21353.8
21433.6
21514.8
21606.2
21700.1
21794.6
21890.6
21986.7
22083.4
22180.8
22280.8
22380
22479.9
22576.7
22675.2
22774.7
22874.9
22972.7
23071.2
23166.8
23263
23355.2
23448.5
23537.6
23626.6
23709.8
23791.3
23872
23953.9
24030.6
24105.9
24177.3
24248.7
24333.4
24418
24521.9
24629.4
24737.5
24853.4
24984.4
25145.5
25305.6
25628.7
17404.4
17485.8
17568.2
17655.7
17748.3
17847.6
17957.1
18075.6
18211.2
18364.1
18537.5
18733.5
18955
19203.9
19338.5
19478.1
19590
19702.7
19817.7
19934.3
20051.8
20173.1
20300
20425.1
20548.3
20680.1
20811.2
20946.2
21085.5
21230.3
21386.3
21567.6
21752.3
21939.8
22130.4
22324.6
22515.3
22709
22899.1
23086.8
23268.7
23443.5
23607.2
23765.8
23916.3
24056.6
24220.6
24429.1
24648.2
24937
25384.9
17348.6
17386.9
17426.3
17465.6
17507.7
17548.4
17592.6
17637.1
17684.1
17730.6
17781.7
17833
17888.9
17945
18005.7
18069.9
18138.9
18212.2
18291
18373.1
18462
18554.7
18655.6
18761.1
18874.8
18992
19119.3
19185.8
19253.4
19320.6
19390.2
19445
19500.2
19555.6
19611.9
19668
19724.6
19782.3
19840.6
19898.3
19955.8
20014.8
20075.2
20136.8
20200.1
20261.4
20321.8
20381.8
20444.4
20507.8
20573.6
20636.8
20701.1
20766.6
20833.9
20901.2
20969.9
21039.4
21111.7
21185.1
21261.9
21348.7
21438.8
21527.4
21618.3
21708.4
21800.9
21892.2
21985.3
22080
22175
22267.6
22361.8
22453.8
22548.3
22642.1
22734.9
22826.5
22917.1
23006.2
23095.5
23181.3
23267.7
23347.9
23429.5
23506.1
23584.8
23658.5
23733.1
23800.4
23870.5
23950.4
24031.2
24132.6
24236
24340
24449.5
24573.9
24734.4
24886.3
25152.5
17289.3
17365.9
17444.8
17527.7
17617.6
17713.2
17818.4
17933.9
18065.3
18215.9
18384.4
18575.6
18792
19032.7
19164.8
19299.1
19408.3
19519.1
19630.5
19744.4
19858.1
19975.2
20097.5
20217.6
20337.5
20464
20589.2
20719.3
20851.9
20990.9
21135.6
21307.3
21482.2
21660
21839.5
22023.5
22206.3
22387.7
22569.3
22746.6
22920.6
23088.3
23247.7
23400.8
23546.1
23681.2
23839.3
24040.5
24247.9
24521.4
24964.7
17231
17267.5
17306
17343.5
17382.2
17422.1
17463.9
17506.1
17551.4
17596.6
17645.4
17695.2
17748.9
17804
17862.9
17925.8
17992.8
18064.2
18141.5
18221.4
18308.4
18398.1
18496.1
18599
18710.3
18824.3
18947.8
19012.5
19078.1
19143.6
19211
19264.6
19319.2
19373.4
19428.5
19482.9
19538.8
19593.9
19650.6
19706.5
19763.3
19819.6
19877.9
19937.1
19998.1
20057.7
20116.4
20173.7
20233.8
20295
20357.2
20418.3
20480.6
20542.9
20607.4
20672.5
20738.3
20805
20873.9
20943.2
21014.4
21096.6
21179.6
21264.3
21350.6
21435.9
21523.4
21610.6
21698.8
21788.3
21878.4
21966.4
22056.1
22143.9
22233.7
22321.2
22409.9
22497.3
22583.6
22668.6
22753.2
22835.3
22916.2
22995.1
23072.6
23147.5
23222.4
23293.9
23367.2
23433.2
23498.2
23575.3
23654.3
23751.6
23851.6
23951.5
24053.3
24175.2
24313.8
24475.4
24812.4
17169.6
17243.9
17318.9
17397.8
17483.2
17575.9
17677.9
17790.1
17918.7
18064.9
18229.4
18415
18626
18861.4
18988.8
19119.9
19227
19334.7
19443.8
19553.4
19664.6
19777.9
19895.7
20012.5
20127.2
20248.6
20370.7
20495.2
20623.4
20754.9
20890.1
21052
21218.2
21386
21557.4
21731
21905.2
22078.4
22249.6
22419.9
22584.5
22743.9
22896.5
23043.1
23185.2
23314.5
23465.5
23659.6
23857.6
24111.7
24644.9
17110.5
17146.9
17182.5
17219.1
17256.7
17293.3
17332.6
17373.4
17415.8
17460.3
17507.3
17556.2
17608.2
17660.9
17718.3
17779.2
17845.1
17914.2
17989.5
18067
18151.4
18239.3
18334.8
18435.4
18543.1
18655
18776.2
18838.7
18902.3
18965.5
19030.4
19083.2
19137.1
19189.2
19242.9
19296.7
19351.4
19405
19459.1
19513.6
19568.4
19623.7
19680
19737.9
19796.5
19854
19911.5
19966.7
20023.9
20083
20143.8
20203.2
20263
20323.9
20386.8
20448.8
20512
20575.2
20640.5
20705.2
20771.2
20849.8
20928.6
21008.5
21090.2
21171.2
21253.6
21337
21421
21504.7
21590.1
21674.5
21759
21843.7
21928
22011.6
22095.8
22178.4
22262.2
22342.6
22422.7
22501
22579
22652.9
22728.2
22800.3
22871.6
22941.3
23009.1
23075
23137.9
23210.4
23282.7
23378.8
23476
23573.3
23668.3
23786.6
23920.7
24074.8
24480.2
17050.3
17120.6
17192.8
17266.8
17347.9
17437.3
17536.4
17645.3
17769.5
17911.7
18071.9
18253.1
18458.3
18688.7
18813.3
18939.9
19044.4
19149.5
19256.9
19364
19472.2
19581.3
19694.9
19808.3
19919.1
20037
20155
20276
20398.9
20522.6
20650.5
20804.8
20961.4
21120.9
21283.1
21446.6
21612.1
21778
21939.6
22101.6
22259.6
22412.1
22557.2
22698.1
22832.4
22959.5
23101.5
23290.2
23479.4
23728.1
24249.1
16992.4
17024.8
17059
17093.3
17129.5
17164.2
17201.9
17239.7
17281.3
17322.7
17368.2
17415
17465.3
17516.8
17572.7
17631.2
17695
17762.9
17835.5
17911.1
17993.2
18079.7
18172.8
18270.9
18375.4
18485.3
18602.7
18664.1
18726.5
18788
18851.5
18902.9
18954.7
19006.6
19058.2
19110.8
19164.9
19217.9
19271.3
19324.9
19378.8
19431.6
19485.9
19540.5
19596.3
19652.7
19708
19761.5
19817.1
19875
19933.9
19991.7
20050
20108.6
20168.8
20228.2
20288.3
20348.3
20408.4
20469.9
20533.4
20608.3
20684.8
20760.4
20837.4
20913.8
20992.6
21070.9
21150.1
21228.9
21309
21389
21470.7
21550.7
21632.8
21710.8
21789.9
21869.1
21948.6
22024.7
22102
22176.2
22251.3
22321.6
22392.6
22462.4
22531.3
22597.4
22664
22727
22788.1
22858.8
22927.5
23017.9
23111.6
23203.9
23298
23408.8
23543.5
23684.2
24031.8
16931.4
16996.6
17063.6
17135.1
17212
17296.5
17392.5
17498
17619
17757.5
17912.6
18091.3
18291
18515.6
18636.9
18761
18862.7
18966
19070.7
19176.6
19282.5
19389.3
19497.4
19606.3
19714.2
19828.4
19942.8
20059.7
20176.9
20294.2
20413.3
20562.4
20711.4
20861.6
21016.2
21171.4
21328.3
21485
21638.9
21793.1
21942
22089.5
22228.4
22364.8
22492.2
22614.3
22751.5
22931.1
23113.5
23355.8
23862.5
16872.4
16903.1
16934.7
16965.9
16999
17032.9
17068.8
17104.8
17143.4
17182.8
17225.9
17271.6
17320.4
17370.8
17424.9
17481.1
17543.4
17609.3
17680.8
17754
17833.3
17918.6
18010.9
18105.9
18207.7
18315.6
18430.3
18489.6
18550.2
18610.4
18672.5
18722.9
18773.5
18824.2
18875.6
18926.9
18979.7
19031.2
19083.9
19136.1
19189.3
19241.5
19294.7
19347
19400.9
19454.6
19508.2
19560.8
19614.1
19669.4
19726.2
19781.8
19838.5
19895.6
19953.8
20010.9
20068.8
20125.2
20182.7
20239.4
20297.6
20370.2
20443.4
20515.4
20589.5
20662.6
20735.7
20810.2
20885.7
20961.9
21038.6
21113.9
21190.1
21265.7
21343.3
21418
21492.8
21567.4
21642.9
21716.2
21789
21861.1
21933.5
22002.9
22071.5
22136.5
22203.7
22265.3
22328
22388.5
22448
22515.4
22582.9
22669.6
22757.1
22845.4
22936.4
23042.5
23174.4
23310.2
23715.9
16812.7
16871.4
16933.7
17000.5
17073.2
17154
17246.9
17349.7
17465.9
17601.2
17752.4
17928.4
18122.7
18343.4
18461.6
18583.2
18682
18783.4
18885.8
18989.4
19093
19197.9
19302.7
19408.9
19513.3
19623.1
19733.4
19846.4
19959.9
20069.8
20180.5
20323.3
20465.5
20609.4
20755.1
20904.1
21052.1
21199.9
21346.8
21492.4
21636
21776.6
21912.5
22040.3
22164.1
22280.2
22412.9
22582.1
22757.7
22986
23487.4
16754.5
16780.1
16808.7
16837.5
16869
16899.6
16933.2
16967.2
17004.3
17042.1
17083.2
17126.4
17174.3
17222.3
17275.4
17329.8
17389.6
17454.3
17523
17595.7
17673
17756.6
17846.9
17939.8
18039.5
18145.2
18258.3
18315.8
18374.8
18434.1
18495.4
18544
18593.4
18642.8
18692.8
18743.5
18794.3
18845.4
18897
18947.9
18999.9
19051.2
19103.5
19154.8
19207.7
19259.6
19312.2
19363.5
19415.6
19469.1
19523.3
19577.4
19631.5
19686.4
19742.4
19798.1
19853.4
19907.7
19961.2
20013.7
20067.4
20136.2
20206.4
20275.8
20346.2
20416.2
20487.6
20558.2
20629.5
20700.7
20773.9
20845.7
20918.5
20990.1
21062.1
21133.8
21205.8
21276.5
21347.8
21417
21487.7
21556.8
21625.5
21690.9
21758.4
21821.5
21884.9
21945
22004.8
22062.7
22120.3
22183.3
22248.3
22328.9
22413.1
22497.8
22585.1
22689.7
22807.1
22937.9
23264.4
16692
16744.4
16802.8
16864.7
16933.4
17011.3
17099
17198.2
17311.8
17443.6
17592.5
17763.9
17954.7
18170.7
18285.9
18405.9
18502.3
18600.4
18701
18802.6
18904.6
19006.4
19110.4
19213.9
19316.1
19421.9
19529.3
19638
19746.5
19850.2
19953.8
20089.3
20225.8
20364.1
20502.5
20642.7
20783.4
20924.7
21063.4
21202.6
21339.2
21472.8
21602.1
21726.1
21845.7
21957
22081.2
22242.1
22413.9
22624.8
23012.1
16629.5
16655.2
16681
16708.4
16737.5
16765.2
16796.2
16828.5
16864.2
16899.6
16939.7
16980.1
17025.3
17072
17122.1
17176.8
17235.4
17298
17365.7
17436.5
17513.1
17594.4
17682.4
17773.5
17871.5
17975.2
18085.3
18141.9
18199.3
18257.9
18318.3
18365.7
18414.2
18461.8
18510.3
18560.1
18610.5
18659.7
18709.9
18760
18811.5
18861.6
18912.4
18963.5
19015.1
19066.6
19117.9
19168.3
19219.6
19270.1
19322.7
19375.8
19430.1
19482.6
19536.8
19589.7
19643.1
19692.9
19742.7
19792.9
19843.1
19909
19976.3
20042.5
20109.7
20176.8
20244.7
20311.6
20379.6
20447.4
20516.1
20584.5
20653.2
20722.2
20791.9
20858.5
20926.9
20995.2
21062.8
21128.9
21195.6
21260.2
21326.4
21389.8
21452.4
21513.7
21573.9
21632
21692.2
21746.4
21800.6
21860.6
21921.2
21999
22077
22161.7
22249.7
22345.6
22450
22567.8
22781.8
16566.8
16617.2
16670.2
16726.8
16792.8
16866.3
16950.1
17045.4
17157
17285.5
17431.3
17598.6
17786.6
17998.3
18110.9
18228.1
18323.1
18418.5
18516.8
18615.6
18716.2
18817.3
18918.9
19020.4
19120.7
19222.8
19328
19433.2
19537.8
19634.8
19731.7
19861.5
19991.7
20123.5
20256.2
20388.9
20522.2
20657
20789.9
20921.9
21050.9
21178.7
21301.1
21421.7
21535
21641.4
21759.1
21913.1
22082.3
22276.6
22589.4
16505.6
16529.1
16554.3
16578.1
16604
16629.6
16658.2
16688.5
16722
16755.8
16793.5
16833
16876
16921.1
16970
17022.9
17079.9
17140.7
17206.6
17276.5
17351.2
17431.1
17516.7
17607
17703.3
17805
17913.2
17968.3
18024.9
18081.8
18139.8
18186.2
18233.7
18281.2
18329.5
18377.2
18425.8
18474.6
18523.9
18573.7
18623.7
18673.3
18724.3
18774.4
18825.3
18874.9
18925.2
18974.5
19024.8
19074.2
19125
19176.4
19228.9
19279.7
19332.2
19384.2
19435.3
19483
19529.7
19576.4
19624.1
19686.3
19750.6
19813.6
19878.3
19941.7
20006.2
20071.2
20136.8
20200.2
20265.9
20330.4
20395.3
20461
20527.5
20592.2
20657.1
20720.6
20786.1
20848.9
20911.7
20973.7
21036.1
21096.9
21156.5
21215.5
21274.1
21329.7
21384.5
21436.8
21488.2
21546.3
21603.9
21678.3
21755.2
21834.7
21921.7
22008.7
22108.3
22213.5
22423.9
16444.3
16489.1
16535.7
16588.3
16649
16719.3
16799.6
16893
17001.7
17126.5
17269.6
17433.7
17618.4
17826
17936.4
18050
18143.1
18237.8
18334.4
18431.3
18529.6
18628.7
18728.9
18828.8
18927.2
19026.6
19128.1
19229.5
19331.2
19424.3
19514.3
19637.9
19762.8
19887.9
20014.9
20141.7
20267.8
20396.6
20523.7
20647.9
20771.7
20892.8
21011.5
21124.8
21232.1
21334.6
21448.3
21594
21757.3
21938
22201.9
16383.1
16403.2
16425.2
16445.3
16468.3
16492.5
16519
16546.8
16577.3
16609.9
16645.7
16683.3
16724.8
16768.2
16816.9
16868
16924.6
16982.5
17047.5
17115.2
17189.7
17267.7
17352.1
17440
17535.2
17634.2
17740.7
17795.1
17850.8
17906
17962.5
18008
18054.5
18101.4
18149.1
18196.9
18245.3
18293
18341.5
18389.6
18438.2
18486.7
18536
18585.7
18635.8
18685
18734.6
18783.6
18832.5
18881
18930.6
18979.8
19030.3
19079.7
19130.8
19181
19230.3
19277.4
19322.2
19365.6
19408.6
19468.6
19529
19589.6
19651
19711.9
19773.6
19835.6
19898.3
19959.2
20020.9
20082.4
20145.3
20207.9
20271.1
20332.9
20394.4
20454.9
20515.8
20576.1
20636.9
20696.6
20755.4
20814
20872
20926.8
20981.4
21034.7
21086.6
21136.6
21186.7
21243.8
21299.6
21369.9
21439.2
21517.3
21598.4
21682.4
21775
21862.8
22003
16320.3
16359.1
16400.2
16448
16504.2
16570.4
16648.4
16738.3
16844.9
16966.9
17107.9
17268.5
17449.9
17653.3
17762.2
17873.7
17965
18059.1
18153.6
18249.3
18345.6
18442.9
18540.7
18638.5
18735.3
18832.1
18931.4
19030.3
19129.7
19219.2
19302
19419.6
19538.4
19658.6
19779.4
19899.8
20021.2
20143.8
20264.5
20384.1
20501.9
20618
20730.2
20838.4
20940.9
21038
21150.1
21285
21438.5
21615
21832.1
16257
16274.7
16294.3
16312
16332.8
16353.7
16378.4
16403.6
16431.7
16462
16496.2
16533.1
16573.2
16614.7
16661.2
16711.6
16766.5
16824.1
16887.5
16953.8
17027.5
17103.6
17186.7
17273.3
17366.6
17464
17567.6
17621.5
17676.1
17730.7
17786.7
17831.6
17878.1
17924
17970.8
18017.6
18064.8
18112.1
18159.7
18207
18255.4
18302.8
18351.5
18399.9
18448.8
18496.7
18545.3
18593.3
18641.4
18688.5
18736.6
18785.8
18834.7
18883.4
18933.6
18982.5
19031.1
19076.1
19119.4
19159.5
19199.6
19255.3
19313
19370.8
19430.1
19488.3
19547.6
19605.5
19665.1
19723.7
19782.6
19841.4
19901.1
19960.9
20021.3
20080.6
20139.9
20197.5
20256.6
20314
20371.9
20429.2
20486.2
20540.6
20594.5
20647.5
20701.4
20751.1
20800.8
20848.8
20896.7
20951.5
21006.1
21071.5
21136.3
21209.3
21286
21368
21459.5
21529.4
21672.1
16193.3
16227.3
16263.7
16306.2
16357.8
16420.6
16496
16582.5
16686.1
16806.4
16944.9
17103.3
17281.8
17481.3
17588.4
17698.7
17788.8
17880.8
17974.7
18068.1
18163.7
18259
18354.7
18450.5
18545.6
18640.3
18736.7
18834.6
18931.3
19016.6
19095
19206.1
19320.2
19434.2
19549.3
19665.1
19781.4
19897.9
20012.8
20127.8
20241.2
20351.6
20458.3
20562
20659.3
20752.3
20859.3
20988
21132.2
21300.8
21515.7
16131.5
16145.7
16161.1
16177.1
16195.1
16214.3
16235.3
16259
16285
16313.9
16346.2
16381.4
16420.1
16460.4
16505.2
16553.6
16607.5
16664
16726.2
16792
16863.9
16939.7
17021.6
17106.7
17198.4
17294.5
17397.1
17449.3
17503.4
17557.1
17612.1
17656.2
17701.4
17746.9
17793.5
17839.9
17886.9
17932.6
17979.2
18026
18074
18121.1
18168.9
18215.6
18263.5
18311
18359
18406.4
18453.3
18499.1
18546.3
18593.7
18642
18689.3
18737.9
18786.7
18834.1
18877.1
18917.2
18955.2
18993.2
19047.2
19102.6
19157.4
19213.5
19268.5
19324.8
19380.8
19437.2
19494.4
19551.9
19607.9
19665.7
19721.7
19779.2
19834.4
19890.8
19947.5
20004
20059.7
20115.3
20169
20222.5
20275.1
20327.3
20377.1
20427.6
20475
20522.1
20568.2
20613.8
20666.5
20718.9
20782.6
20845.3
20912.4
20984.8
21064.1
21149.2
21213.9
21357.9
16067.5
16094
16125.1
16163.7
16211.1
16270.7
16342.1
16426.1
16527.2
16645
16782
16938.5
17113.6
17310.5
17416
17524.1
17613.3
17704.2
17796.2
17888.6
17982.3
18076.7
18170.8
18265.3
18358.8
18451.4
18546.6
18641.5
18736.3
18817.5
18890
18998.4
19105.7
19215.4
19324.8
19437
19547.8
19659
19769.4
19879.2
19987.4
20092.5
20194.4
20292.1
20384.9
20474.7
20576.7
20700.8
20835.5
20998.1
21199.6
16005.1
16015.4
16027.4
16040.5
16056
16072.9
16093.1
16113.9
16138.7
16165
16195.9
16228.7
16265.7
16304.5
16347.9
16395.3
16448.1
16504.1
16565.1
16630.3
16701.5
16775.9
16857
16940.3
17030.6
17125.3
17225.7
17277.8
17330.5
17383.9
17438.2
17482.1
17526.9
17571.3
17616.7
17662.8
17709
17754.3
17800
17846.3
17893.6
17939.7
17986.5
18033.3
18080.6
18127.3
18174.8
18220.9
18266.7
18311.9
18358.5
18405.6
18453.7
18500.4
18547.8
18595.6
18641.9
18683
18720.8
18755.9
18790.7
18843.6
18897.2
18949
19001.8
19055.5
19109
19162.3
19216.6
19270.9
19325.9
19380
19434.5
19488
19542.7
19596.9
19651.7
19704.1
19758.6
19810.8
19864.2
19915.3
19967.8
20016.4
20066.6
20114.2
20161.9
20207.4
20254
20297.3
20340.4
20390.8
20440
20501.3
20562.3
20626.3
20692.1
20767.4
20853
20908.7
21046.2
15910.9
15935.4
15964.4
16002
16048.6
16107
16177.4
16261.5
16361.9
16480.2
16616.4
16772.4
16946.2
17140.2
17244.2
17351.6
17439.2
17528.6
17619.8
17710.4
17802.9
17895.1
17988.3
18081.6
18172.8
18264
18358.5
18451.9
18545
18623.5
18692.1
18797
18901.8
19007.2
19114
19220.6
19328.6
19434.7
19541.9
19646.5
19750.6
19854
19951.3
20046.4
20136.2
20221.3
20319.2
20441.9
20568.6
20724.1
20907.7
15820.2
15831.7
15844.7
15858.7
15874.6
15892.9
15913.2
15935.4
15960.6
15988.3
16019.2
16053.1
16091.2
16131.5
16176.5
16224.8
16277.9
16335.1
16397
16462.6
16533.2
16609.1
16689.4
16773.5
16863.3
16957.6
17056.9
17107.8
17160.2
17213
17267.1
17310.6
17354.4
17398.3
17442.8
17487.6
17532.9
17578
17623.7
17668.7
17714.1
17760
17806.3
17852.3
17898.4
17944.7
17991.5
18037.2
18081.8
18126.4
18172.1
18219.2
18266.5
18312.4
18358.9
18405.9
18451.2
18491.9
18529
18563.2
18596.6
18647.6
18699.5
18751.9
18804.5
18856.3
18909.2
18961.5
19014.5
19066.7
19119.2
19172
19225.8
19277.9
19330.5
19383
19435.8
19486.8
19538.5
19590
19641.5
19692.7
19743.3
19791.4
19839.8
19886.8
19933.7
19978.7
20023.5
20064.7
20105.9
20155.3
20203.4
20264.9
20324.9
20386.3
20449.4
20520.1
20599.4
20658.6
20780.8
15639.7
15666.6
15698.5
15738
15787.5
15848
15922.1
16009.8
16113
16234.6
16372
16528.8
16702.5
16895
16997.5
17102.4
17188.5
17276.2
17365
17454
17543.8
17634.6
17724.8
17816.5
17906.8
17995.7
18086.6
18177.9
18268.1
18344.3
18411.7
18513.1
18615.8
18719.2
18821.9
18924.2
19027
19129.9
19232.2
19332.4
19432.6
19530.6
19626.2
19716.9
19804.9
19886.2
19982.6
20102
20222.4
20360.7
20497.9
15467.8
15480.5
15495.3
15510.5
15528.5
15548
15570.2
15593.7
15620.5
15650.1
15683.3
15719.3
15759.4
15802
15848.7
15899.8
15955
16014.1
16078.2
16145.4
16217.8
16294.1
16375.1
16459.5
16548.9
16642.2
16740.1
16790.8
16842.6
16894.5
16947.1
16989.3
17032.1
17075.2
17118.6
17162
17205.9
17249.5
17293.9
17338.2
17382.8
17427.6
17472.5
17517.2
17561.9
17606.9
17652.4
17697.7
17741.8
17784.8
17828.9
17873.9
17919
17963
18008
18053.4
18096.9
18136.6
18172.6
18205.5
18238.2
18288.2
18338.7
18388.6
18439
18489.7
18540.7
18591
18641.5
18690.9
18740.9
18791.4
18842
18892.2
18942.3
18992.3
19042.7
19091.4
19140.3
19189.5
19238.1
19286.3
19334
19380.3
19426.3
19471.3
19516.5
19558.8
19600.4
19641.1
19681.2
19729.7
19776.9
19835.7
19893.2
19951.9
20009.5
20074.1
20137.7
20196.8
20257.6
15220.4
15248.2
15282.9
15326.6
15379.6
15444.8
15523.9
15617.4
15726.6
15853.2
15995.3
16154.8
16330.6
16521.1
16621.8
16725.4
16809.4
16895
16981.3
17068.5
17156.3
17244.9
17332.5
17420.9
17508.8
17594.8
17682.6
17770
17856.8
17929.6
17994.5
18093
18192.1
18290.5
18389.1
18486.3
18584
18681.5
18778.4
18873.7
18967.6
19059.9
19149.4
19236.2
19318.8
19396
19487.7
19602.6
19713.3
19831.9
19970.3
14985.5
15000.2
15014.5
15032.3
15050.6
15072.7
15096.3
15122.6
15151.1
15183.4
15219
15257.9
15300.7
15347.2
15397.8
15452.3
15510.7
15573.7
15641
15711.1
15785.6
15864.6
15948
16034.7
16125.5
16219.6
16317.3
16367.1
16417.5
16468.4
16520
16562
16604.3
16646.4
16689
16731.7
16774.8
16818.1
16861.4
16904.5
16948
16991.6
17035.4
17078.7
17121.9
17165.4
17209.5
17252.9
17295.7
17337.6
17380.2
17423.1
17466
17508.8
17552.1
17595.4
17637.2
17674.6
17708.9
17741.1
17772.6
17820.8
17869.4
17918.1
17967.1
18015.3
18063.7
18111.5
18159.7
18207.3
18255.1
18302.3
18349.9
18397.2
18444.7
18491.7
18538.8
18585.8
18632.4
18677.6
18723
18767.9
18812.6
18856.5
18899.7
18941.3
18982.4
19023.3
19063.3
19100.8
19137.9
19183.2
19226.9
19283.9
19339.2
19394.3
19446.9
19503.9
19558.4
19612
19714.1
14690.8
14718.8
14756.8
14804
14862.1
14933.4
15019.5
15121.3
15239.5
15374.6
15524.4
15690.3
15871
16063.7
16164.4
16267.2
16350.8
16435.3
16520.7
16606.8
16692.9
16778.9
16864.4
16950.4
17034.7
17117.7
17203.1
17287.7
17371.2
17441.6
17503.7
17598.5
17693.4
17788.1
17882.1
17975.5
18068
18160
18251.3
18341.1
18429
18515.1
18598.7
18679.8
18757.1
18829.9
18915
19021.1
19123.6
19227.2
19355.2
14401.3
14417.6
14444
14458.6
14481.1
14501.9
14529.1
14556.8
14590
14624.9
14664.7
14707.8
14755.5
14806.8
14862.4
14921.9
14985.8
15054.1
15126.8
15202.4
15281.8
15365.3
15452.4
15542.8
15636.4
15732.8
15831.8
15882.3
15933.5
15985.2
16037.3
16079.2
16121.3
16163.4
16205.8
16248.4
16291
16333.8
16376.8
16419.6
16462.6
16505.5
16548.3
16590.6
16632.8
16675
16717.6
16760.1
16801.5
16842.2
16883.4
16925.3
16967.1
17008.8
17050.9
17093.2
17133.6
17169.7
17202.5
17233.3
17263.6
17310.1
17356.6
17403.3
17450
17496.3
17542.6
17588.9
17635
17681.1
17727.1
17772.5
17817.9
17863.2
17908.3
17952.6
17996.6
18040.3
18083.5
18126.1
18168.5
18210.5
18252
18293.2
18333.9
18373.8
18413.1
18450.9
18488.1
18523.6
18558.5
18600.7
18641.1
18693.1
18741.4
18792.6
18839.2
18891.9
18937.8
18981.2
19051.1
13768.5
13790.3
13834.5
13891.8
13962.5
14049.2
14152.9
14274.5
14414.5
14571.7
14743.2
14928.4
15124.7
15329.9
15435.1
15541.4
15627.2
15713.4
15799.8
15886.1
15972.3
16058.1
16142.8
16227.6
16310.6
16391.8
16474.3
16555.9
16636.7
16704.6
16764.5
16855.1
16945.5
17035.6
17125.1
17213.9
17301.8
17388
17473.2
17556.7
17637.9
17716.8
17793.5
17867.1
17937.5
18004
18079.8
18175
18264.8
18343.4
18394.4
13071
13141.2
13194.3
13231.3
13257.8
13290.9
13318.6
13357.8
13395.6
13444.3
13494.5
13552.9
13614.7
13682.5
13754.8
13832.3
13914.7
14001
14092
14185.4
14282.7
14382.6
14485.7
14590.7
14698.1
14807
14917.3
14973
15028.8
15084.4
15140.2
15184.7
15229.3
15274.1
15318.9
15363.6
15408.3
15453
15497.7
15541.9
15586.1
15630
15673.5
15716.4
15758.8
15801.2
15843.7
15886
15927.3
15967.6
16008.4
16050
16091.4
16131.9
16172.7
16214.1
16253.5
16288.7
16320.6
16350.7
16380.1
16425.3
16470.3
16515.1
16559.7
16604
16648.2
16692.1
16735.9
16779.6
16823.2
16866.2
16909
16951.6
16993.9
17035.8
17077.2
17117.7
17157.7
17197.4
17236.6
17275.2
17313.1
17350.6
17387.4
17423.2
17458.1
17492
17525.3
17557.3
17588.3
17625
17660.3
17707.6
17751.3
17795.7
17834.8
17875.4
17907.4
17930.8
17944.1
12079.3
12065.9
12128.7
12228.4
12352.2
12497.6
12665.2
12855.2
13065.5
13293.3
13532.1
13779.3
14030.6
14282.6
14408
14532.3
14630.9
14728.7
14825.4
14920.9
15015.5
15108.6
15199.6
15289.7
15377.3
15462.2
15547.8
15631.9
15714.3
15783.1
15843.3
15934.1
16024
16112.9
16200.5
16286.9
16371.9
16455
16536.4
16615.9
16693
16767.2
16838.3
16906.2
16970.8
17031.5
17101.2
17187
17265.4
17330.5
17352.8
10209.5
10461.9
10783.2
10894.5
11054.5
11122.8
11225.3
11295.9
11390.5
11479.5
11585.2
11694.7
11815.3
11941.7
12075.3
12214.1
12357.2
12503.5
12651.9
12801.2
12950.7
13100.6
13249.7
13398
13544.7
13689.8
13832.5
13903.4
13973.7
14043.1
14111.8
14166.2
14220.2
14274
14327.3
14380.3
14432.7
14484.4
14535.5
14585.7
14635.6
14685.4
14734.6
14783
14831
14878.6
14926.3
14973.3
15018.6
15062.8
15107.3
15152.2
15196.5
15240.1
15283.7
15327.5
15368.9
15406.2
15439.8
15471.5
15502.4
15549.7
15596.5
15642.8
15688.8
15734.6
15780.1
15825.4
15870.4
15914.5
15958.1
16001.2
16043.7
16086
16128
16169.1
16209.7
16249.8
16289.2
16328.1
16366.3
16403.7
16440.4
16476.6
16511.9
16546.2
16579.5
16611.9
16643.3
16673.7
16703.1
16738.5
16772.3
16816.1
16856.7
16897.9
16934.1
16970.8
16999
17015.6
17025.8
8926.35
8718.08
8891.25
9253.49
9697.65
10167.9
10636.9
11092.6
11529.9
11947.5
12341.2
12714.8
13068.2
13402.4
13562.7
13718.5
13839.9
13958.5
14074
14186.9
14297.4
14405
14509
14611.3
14710
14804.9
14899.9
14992.5
15082.7
15157.4
15222.7
15320.3
15416.3
15510.7
15603.2
15694.1
15783
15869.6
15954
16035.9
16115.1
16191
16263.7
16332.8
16398
16459.1
16528.9
16614.1
16692
16758.1
16790.4
4.01839e-11
1838.03
3562.66
4735.61
5829.48
6615.98
7346.85
7910.82
8434.82
8869.56
9274.93
9631.74
9966.43
10273.9
10564.2
10837.9
11097.9
11346.5
11584.3
11811.6
12028.8
12239.3
12441.5
12637.1
12825.2
13007.7
13183.3
13269.4
13354.2
13437.3
13518.9
13583.8
13648
13711.3
13773.6
13834.9
13895.6
13955.5
14014.5
14072.8
14130.4
14187.5
14243.6
14298.6
14352.8
14406.1
14459.2
14511.4
14561.9
14611.2
14660.9
14711.1
14760.7
14809.4
14858.4
14907.3
14953.6
14994.6
15031.4
15065.4
15098.4
15149
15199.4
15249.2
15298.7
15347.7
15396.3
15444.8
15492.8
15540
15586.7
15632.9
15678.7
15724.4
15769.4
15813.5
15856.9
15899.6
15941.7
15983.4
16024.4
16064.9
16104.7
16143.4
16181.2
16217.6
16253.1
16287.8
16321.6
16354
16385.5
16423.1
16458.9
16505.2
16547.3
16589.7
16627.1
16666.5
16697.4
16722.2
16744.7
