0.000000
0.000000
0.000000
0.000000
0.000000
0.000000
0.000000
0.000000
0.000000
0.000000
0.000000
0.097551
0.170902
0.221049
0.250292
0.261810
0.257891
0.235728
0.175724
0.000000
0.000000
0.170714
0.299079
0.386835
0.438011
0.458167
0.451310
0.412524
0.307517
0.000000
0.000000
0.219490
0.384530
0.497360
0.563157
0.589072
0.580256
0.530388
0.395380
0.000000
0.000000
0.243878
0.427255
0.552622
0.625730
0.654525
0.644729
0.589320
0.439311
0.000000
0.000000
0.243878
0.427255
0.552622
0.625730
0.654525
0.644729
0.589320
0.439311
0.000000
0.000000
0.219490
0.384530
0.497360
0.563157
0.589072
0.580256
0.530388
0.395380
0.000000
0.000000
0.170714
0.299079
0.386835
0.438011
0.458167
0.451310
0.412524
0.307517
0.000000
0.000000
0.097551
0.170902
0.221049
0.250292
0.261810
0.257891
0.235728
0.175724
0.000000
0.000000
0.000000
0.000000
0.000000
0.000000
0.000000
0.000000
0.000000
0.000000
0.000000

