CONVERGIU! :)
Numero de iteracoes: 25
Erro: 7.75821e-06
   0.00      0.00      0.00      0.00      0.00      0.00      0.00      0.00      0.00      0.00   
   0.00      -0.07      -0.13      -0.19      -0.23      -0.25      -0.23      -0.18      -0.09      0.00   
   0.00      -0.02      -0.06      -0.11      -0.15      -0.16      -0.14      -0.09      -0.01      0.00   
   0.00      0.07      0.10      0.10      0.08      0.08      0.08      0.11      0.13      0.00   
   0.00      0.17      0.26      0.31      0.33      0.33      0.33      0.31      0.26      0.00   
   0.00      0.23      0.38      0.47      0.51      0.52      0.50      0.46      0.34      0.00   
   0.00      0.25      0.42      0.53      0.58      0.59      0.57      0.51      0.37      0.00   
   0.00      0.21      0.37      0.46      0.51      0.53      0.50      0.44      0.31      0.00   
   0.00      0.13      0.22      0.28      0.31      0.32      0.31      0.27      0.19      0.00   
   0.00      0.00      0.00      0.00      0.00      0.00      0.00      0.00      0.00      0.00   
   0.00      0.00      0.00      0.00      0.00      0.00      0.00      0.00      0.00      0.00   
   0.00      0.10      0.17      0.22      0.25      0.26      0.26      0.24      0.18      0.00   
   0.00      0.17      0.30      0.39      0.44      0.46      0.45      0.41      0.31      0.00   
   0.00      0.22      0.38      0.50      0.56      0.59      0.58      0.53      0.40      0.00   
   0.00      0.24      0.43      0.55      0.63      0.65      0.64      0.59      0.44      0.00   
   0.00      0.24      0.43      0.55      0.63      0.65      0.64      0.59      0.44      0.00   
   0.00      0.22      0.38      0.50      0.56      0.59      0.58      0.53      0.40      0.00   
   0.00      0.17      0.30      0.39      0.44      0.46      0.45      0.41      0.31      0.00   
   0.00      0.10      0.17      0.22      0.25      0.26      0.26      0.24      0.18      0.00   
   0.00      0.00      0.00      0.00      0.00      0.00      0.00      0.00      0.00      0.00   
